100 100
0 2 196
0 3 96
0 4 89
0 6 224
0 8 127
0 9 190
0 10 145
0 11 109
0 14 94
0 15 61
0 16 194
0 19 249
0 20 154
0 22 211
0 23 145
0 24 92
0 25 219
0 26 32
0 27 194
0 28 4
0 30 73
0 31 112
0 32 42
0 34 203
0 35 126
0 36 33
0 37 82
0 41 9
0 42 35
0 43 218
0 44 114
0 45 213
0 46 208
0 47 34
0 48 114
0 49 91
0 51 5
0 53 144
0 54 246
0 56 174
0 57 179
0 58 103
0 60 113
0 62 156
0 63 40
0 64 14
0 66 79
0 67 218
0 69 52
0 70 185
0 72 52
0 77 197
0 78 234
0 79 61
0 81 182
0 82 68
0 83 136
0 84 127
0 85 241
0 87 86
0 88 251
0 89 6
0 90 113
0 91 51
0 92 169
0 93 40
0 94 178
0 95 110
0 96 241
0 97 71
0 98 126
0 99 33
1 2 225
1 8 33
1 9 163
1 11 245
1 12 181
1 13 49
1 14 205
1 15 39
1 16 68
1 17 128
1 18 23
1 20 209
1 21 225
1 25 102
1 27 188
1 30 225
1 31 47
1 32 50
1 33 39
1 34 123
1 35 118
1 36 59
1 37 174
1 38 148
1 41 133
1 42 214
1 43 83
1 44 235
1 45 122
1 46 239
1 49 202
1 50 126
1 51 180
1 52 50
1 53 77
1 54 31
1 55 59
1 56 108
1 57 242
1 58 21
1 60 61
1 61 116
1 62 101
1 63 223
1 65 122
1 66 35
1 67 58
1 68 13
1 69 211
1 71 126
1 72 147
1 74 221
1 76 59
1 80 212
1 82 217
1 83 222
1 84 240
1 85 211
1 86 106
1 87 148
1 89 1
1 91 105
1 92 245
1 93 175
1 94 194
1 95 45
1 96 154
1 98 49
2 2 64
2 3 68
2 4 41
2 5 25
2 11 70
2 12 162
2 14 41
2 15 148
2 16 249
2 20 159
2 21 15
2 22 176
2 24 145
2 25 45
2 28 82
2 29 151
2 30 72
2 31 53
2 33 175
2 35 171
2 36 105
2 37 175
2 38 199
2 40 127
2 42 146
2 43 146
2 45 104
2 46 97
2 47 57
2 48 40
2 49 7
2 51 159
2 52 203
2 53 138
2 54 122
2 55 2
2 57 42
2 58 103
2 59 112
2 61 97
2 62 133
2 63 125
2 67 227
2 69 77
2 70 1
2 71 146
2 73 26
2 74 85
2 76 202
2 77 193
2 78 232
2 79 140
2 80 14
2 81 148
2 82 118
2 83 205
2 85 179
2 86 226
2 87 26
2 88 174
2 89 100
2 91 54
2 92 223
2 93 115
2 95 151
2 97 10
3 4 144
3 6 241
3 7 234
3 9 98
3 10 106
3 11 97
3 13 167
3 14 87
3 16 220
3 17 193
3 20 71
3 21 242
3 22 114
3 23 9
3 25 145
3 27 20
3 29 192
3 30 137
3 31 195
3 32 81
3 33 90
3 34 106
3 37 170
3 38 120
3 39 229
3 40 57
3 41 236
3 42 51
3 43 166
3 44 18
3 45 17
3 47 139
3 49 144
3 50 226
3 51 20
3 52 148
3 55 167
3 56 97
3 57 165
3 62 146
3 65 216
3 66 232
3 67 191
3 69 175
3 73 213
3 74 113
3 75 235
3 77 151
3 79 203
3 80 184
3 81 89
3 82 5
3 83 12
3 84 137
3 85 121
3 86 142
3 88 140
3 89 122
3 90 189
3 93 161
3 94 127
3 96 22
3 97 32
3 98 124
3 99 113
4 4 9
4 5 124
4 7 120
4 10 165
4 12 88
4 13 200
4 14 242
4 15 249
4 16 15
4 18 69
4 19 222
4 21 180
4 22 140
4 23 241
4 24 241
4 25 123
4 27 244
4 28 39
4 29 152
4 30 216
4 31 69
4 34 15
4 37 99
4 38 164
4 40 9
4 42 151
4 43 185
4 45 7
4 46 181
4 47 89
4 52 125
4 53 38
4 54 148
4 55 222
4 57 148
4 60 97
4 61 56
4 62 201
4 65 180
4 66 229
4 70 252
4 71 219
4 72 21
4 73 69
4 74 55
4 75 186
4 76 11
4 78 229
4 81 90
4 82 227
4 83 17
4 84 153
4 89 203
4 90 225
4 91 67
4 92 60
4 93 127
4 94 166
4 95 36
4 96 63
4 97 65
4 98 98
4 99 99
5 6 81
5 7 147
5 8 82
5 9 50
5 10 152
5 11 28
5 12 18
5 14 169
5 16 177
5 17 32
5 18 125
5 20 147
5 21 203
5 23 158
5 25 198
5 27 214
5 28 7
5 29 16
5 30 70
5 31 116
5 32 39
5 34 152
5 37 159
5 38 122
5 41 224
5 42 214
5 43 225
5 45 206
5 46 239
5 47 234
5 48 211
5 50 144
5 51 138
5 52 129
5 53 190
5 54 252
5 55 176
5 56 252
5 57 134
5 58 119
5 59 202
5 60 98
5 61 202
5 62 40
5 64 136
5 65 215
5 67 110
5 68 232
5 69 218
5 70 178
5 71 34
5 72 126
5 73 113
5 74 238
5 76 163
5 77 119
5 78 148
5 79 246
5 81 209
5 82 22
5 83 116
5 89 55
5 90 89
5 92 240
5 95 29
5 96 22
5 97 145
5 98 34
5 99 175
6 6 30
6 9 70
6 10 6
6 11 143
6 12 214
6 15 112
6 16 176
6 20 68
6 22 184
6 24 237
6 25 154
6 27 247
6 28 3
6 29 222
6 30 161
6 31 250
6 32 152
6 33 67
6 35 145
6 36 197
6 38 215
6 40 108
6 41 155
6 42 201
6 45 62
6 46 97
6 47 214
6 48 107
6 50 3
6 51 146
6 54 71
6 55 181
6 56 53
6 58 160
6 60 14
6 61 91
6 62 199
6 63 98
6 64 67
6 66 228
6 67 27
6 68 199
6 69 93
6 71 27
6 73 69
6 76 92
6 77 250
6 78 214
6 79 234
6 81 60
6 82 145
6 83 87
6 84 88
6 85 45
6 87 201
6 88 195
6 90 225
6 91 63
6 92 86
6 93 236
6 95 57
6 97 71
7 7 65
7 8 94
7 11 20
7 12 103
7 13 60
7 14 94
7 15 138
7 16 144
7 18 47
7 20 203
7 23 79
7 25 155
7 27 204
7 28 120
7 29 123
7 30 62
7 32 227
7 33 177
7 38 245
7 40 13
7 41 163
7 42 205
7 44 164
7 45 191
7 46 62
7 48 142
7 49 177
7 51 115
7 53 0
7 55 3
7 56 210
7 58 244
7 59 196
7 60 249
7 62 114
7 63 16
7 64 127
7 65 121
7 66 220
7 68 127
7 70 240
7 72 132
7 74 122
7 75 88
7 76 89
7 77 66
7 78 83
7 79 57
7 81 116
7 82 23
7 84 163
7 85 114
7 87 33
7 89 88
7 90 24
7 91 195
7 93 185
7 94 136
7 95 228
7 96 186
7 97 146
7 98 218
8 8 185
8 9 72
8 10 247
8 11 128
8 12 83
8 13 7
8 14 226
8 15 38
8 16 51
8 17 83
8 18 124
8 20 221
8 21 113
8 23 204
8 24 78
8 25 245
8 26 74
8 27 100
8 29 7
8 30 160
8 31 216
8 32 167
8 33 147
8 36 249
8 37 6
8 38 148
8 41 1
8 42 135
8 43 156
8 44 200
8 45 78
8 46 218
8 47 45
8 48 93
8 50 139
8 52 101
8 53 97
8 54 135
8 55 235
8 56 63
8 57 175
8 58 212
8 59 194
8 60 209
8 61 89
8 62 189
8 63 227
8 66 66
8 67 87
8 69 36
8 71 111
8 72 163
8 74 134
8 75 178
8 76 96
8 77 188
8 79 215
8 80 14
8 81 119
8 82 30
8 84 76
8 85 24
8 86 19
8 87 113
8 88 33
8 89 27
8 90 92
8 91 181
8 92 159
8 94 188
8 95 156
8 96 125
8 98 88
9 10 68
9 11 114
9 12 108
9 13 71
9 14 0
9 15 24
9 16 110
9 17 212
9 18 61
9 20 130
9 21 52
9 22 22
9 23 165
9 24 107
9 25 141
9 26 82
9 27 134
9 28 194
9 30 32
9 31 129
9 32 208
9 33 154
9 34 148
9 37 172
9 38 32
9 39 212
9 40 83
9 41 190
9 42 108
9 43 101
9 45 197
9 46 132
9 47 111
9 48 54
9 49 172
9 51 131
9 52 219
9 53 54
9 55 40
9 56 139
9 58 247
9 59 38
9 60 142
9 61 100
9 62 2
9 63 228
9 64 90
9 65 160
9 66 141
9 67 93
9 68 223
9 69 106
9 70 239
9 72 66
9 74 169
9 77 191
9 80 82
9 81 126
9 82 60
9 84 36
9 85 73
9 89 101
9 90 46
9 94 160
9 97 248
9 98 198
9 99 45
10 11 83
10 13 0
10 14 96
10 15 129
10 16 148
10 17 195
10 18 63
10 20 201
10 21 37
10 22 210
10 24 80
10 25 66
10 26 46
10 27 4
10 30 137
10 31 92
10 32 6
10 34 196
10 36 96
10 37 53
10 39 134
10 40 81
10 41 173
10 42 72
10 43 57
10 44 220
10 46 57
10 47 162
10 49 213
10 50 20
10 51 161
10 53 79
10 54 231
10 55 137
10 56 188
10 57 142
10 58 21
10 59 168
10 60 193
10 61 207
10 62 56
10 63 73
10 64 22
10 65 133
10 67 188
10 68 152
10 69 181
10 70 89
10 71 68
10 73 42
10 75 244
10 78 190
10 80 36
10 81 225
10 83 74
10 84 169
10 85 78
10 87 238
10 88 113
10 89 41
10 93 15
10 94 113
10 95 119
10 96 77
10 97 244
10 98 178
10 99 44
11 12 9
11 15 3
11 16 198
11 19 114
11 21 185
11 23 130
11 24 27
11 25 40
11 29 51
11 30 23
11 31 74
11 32 133
11 33 145
11 35 227
11 36 153
11 38 156
11 40 78
11 41 158
11 43 36
11 45 64
11 49 13
11 51 27
11 52 182
11 55 140
11 57 185
11 58 86
11 61 196
11 62 10
11 63 203
11 64 145
11 65 249
11 66 253
11 68 246
11 70 167
11 72 57
11 74 69
11 75 134
11 78 116
11 80 189
11 81 166
11 82 80
11 84 17
11 87 55
11 88 79
11 90 252
11 92 131
11 93 23
11 94 213
11 95 31
11 96 128
11 97 178
11 98 43
11 99 186
12 12 162
12 13 153
12 14 219
12 15 79
12 16 180
12 17 8
12 19 237
12 20 47
12 23 46
12 24 63
12 26 39
12 28 120
12 31 8
12 32 220
12 33 47
12 34 14
12 36 23
12 38 95
12 39 66
12 40 5
12 41 234
12 42 21
12 43 231
12 44 119
12 46 166
12 48 112
12 49 226
12 50 239
12 51 26
12 52 106
12 53 243
12 54 81
12 58 38
12 59 153
12 60 144
12 61 177
12 62 58
12 64 248
12 65 230
12 66 211
12 68 93
12 69 149
12 70 178
12 71 215
12 72 145
12 73 161
12 75 221
12 76 118
12 77 5
12 78 95
12 79 22
12 80 219
12 81 174
12 82 183
12 84 181
12 85 7
12 86 191
12 90 222
12 91 174
12 93 42
12 95 142
12 96 242
12 98 24
13 13 177
13 16 23
13 17 11
13 18 214
13 21 55
13 22 144
13 25 236
13 31 116
13 32 7
13 33 75
13 34 169
13 36 83
13 39 90
13 40 34
13 42 142
13 43 23
13 44 8
13 45 146
13 46 223
13 48 139
13 49 59
13 51 114
13 52 116
13 53 224
13 54 146
13 56 221
13 57 96
13 58 56
13 60 19
13 61 115
13 62 128
13 65 53
13 66 185
13 67 150
13 68 77
13 70 176
13 71 229
13 73 133
13 74 157
13 75 114
13 77 55
13 79 119
13 80 89
13 81 5
13 83 55
13 84 209
13 85 234
13 86 148
13 88 232
13 89 16
13 90 176
13 91 221
13 93 19
13 94 90
13 95 210
13 96 220
13 98 40
14 14 52
14 15 86
14 16 247
14 17 70
14 19 7
14 23 56
14 26 179
14 28 213
14 29 240
14 30 107
14 31 38
14 32 159
14 34 154
14 35 35
14 36 230
14 37 26
14 38 244
14 41 62
14 42 214
14 44 251
14 45 225
14 46 150
14 47 117
14 50 9
14 52 24
14 55 45
14 56 4
14 57 39
14 58 133
14 59 155
14 60 19
14 61 67
14 63 210
14 64 184
14 66 148
14 67 202
14 69 182
14 71 219
14 72 139
14 73 204
14 75 186
14 76 5
14 77 179
14 78 99
14 79 105
14 80 91
14 81 223
14 82 204
14 84 62
14 85 93
14 86 105
14 87 90
14 88 225
14 89 110
14 90 41
14 91 83
14 92 9
14 93 0
14 94 99
14 95 60
14 99 8
15 17 43
15 18 201
15 19 42
15 20 223
15 22 246
15 23 28
15 24 237
15 25 47
15 26 185
15 27 37
15 29 176
15 31 197
15 32 115
15 33 201
15 34 180
15 35 20
15 36 201
15 38 96
15 39 137
15 41 242
15 42 143
15 43 137
15 44 42
15 45 209
15 46 43
15 47 50
15 48 1
15 49 102
15 50 177
15 52 188
15 53 212
15 54 4
15 55 193
15 56 109
15 57 251
15 58 173
15 59 24
15 61 171
15 62 77
15 63 224
15 64 164
15 65 10
15 66 176
15 67 139
15 68 235
15 69 143
15 70 121
15 71 41
15 72 150
15 75 50
15 76 209
15 77 99
15 78 68
15 79 60
15 80 96
15 82 236
15 83 137
15 84 98
15 85 27
15 86 91
15 89 171
15 90 192
15 91 135
15 92 217
15 94 22
15 95 30
15 96 82
15 97 205
15 98 164
15 99 97
16 16 13
16 17 129
16 18 132
16 20 143
16 21 10
16 22 111
16 23 16
16 24 70
16 25 27
16 26 94
16 27 125
16 28 37
16 30 101
16 31 199
16 33 20
16 34 145
16 35 214
16 38 168
16 40 12
16 41 143
16 42 117
16 43 12
16 44 174
16 45 123
16 46 214
16 47 45
16 48 63
16 49 54
16 50 54
16 52 201
16 53 37
16 55 167
16 57 236
16 60 255
16 61 148
16 62 192
16 63 106
16 64 97
16 65 109
16 66 161
16 67 36
16 68 208
16 69 26
16 72 64
16 73 79
16 74 176
16 75 174
16 76 212
16 77 5
16 78 188
16 80 154
16 81 19
16 82 201
16 84 175
16 85 133
16 88 184
16 89 216
16 90 92
16 92 245
16 93 77
16 94 134
16 95 126
16 96 133
16 98 90
16 99 231
17 18 10
17 20 247
17 21 41
17 22 122
17 25 63
17 26 165
17 31 241
17 32 212
17 33 72
17 34 149
17 35 149
17 36 137
17 37 182
17 39 127
17 40 128
17 41 60
17 42 8
17 43 105
17 44 237
17 45 237
17 46 192
17 47 32
17 49 176
17 50 126
17 51 182
17 53 81
17 54 98
17 56 98
17 57 16
17 58 31
17 61 57
17 62 10
17 64 90
17 65 162
17 67 151
17 68 98
17 69 71
17 70 58
17 77 97
17 78 202
17 79 2
17 80 239
17 81 0
17 82 182
17 83 183
17 84 209
17 85 103
17 86 240
17 87 157
17 88 99
17 89 52
17 93 91
17 95 68
17 96 123
17 98 41
17 99 46
18 18 160
18 19 47
18 21 228
18 22 41
18 24 0
18 25 115
18 27 13
18 28 74
18 29 178
18 30 231
18 31 187
18 32 177
18 34 248
18 36 155
18 37 179
18 38 108
18 39 203
18 41 204
18 42 19
18 43 101
18 44 18
18 46 49
18 47 184
18 48 30
18 51 37
18 52 11
18 55 79
18 58 92
18 61 227
18 62 226
18 65 131
18 66 245
18 67 128
18 68 48
18 69 182
18 70 50
18 71 57
18 72 160
18 73 61
18 74 121
18 76 200
18 78 5
18 79 185
18 81 52
18 82 54
18 83 245
18 84 46
18 85 28
18 86 230
18 87 132
18 88 158
18 90 206
18 92 34
18 94 234
18 95 223
18 96 16
18 97 84
18 98 81
18 99 119
19 20 3
19 21 178
19 22 249
19 23 138
19 24 242
19 27 38
19 28 155
19 29 122
19 30 29
19 32 60
19 33 34
19 34 180
19 36 35
19 38 89
19 39 65
19 41 102
19 42 11
19 44 1
19 45 0
19 47 254
19 49 14
19 50 135
19 51 25
19 53 137
19 55 191
19 57 71
19 58 48
19 60 67
19 61 80
19 62 252
19 64 40
19 65 204
19 66 78
19 67 120
19 68 169
19 69 100
19 70 47
19 71 49
19 73 238
19 74 36
19 75 87
19 77 150
19 79 233
19 80 34
19 81 90
19 83 170
19 84 220
19 85 54
19 87 71
19 89 12
19 91 106
19 92 17
19 96 126
19 99 1
20 20 136
20 24 40
20 26 48
20 27 194
20 29 11
20 30 240
20 32 179
20 34 58
20 35 87
20 36 242
20 37 132
20 39 25
20 41 11
20 42 154
20 43 82
20 44 37
20 45 255
20 46 43
20 47 80
20 48 230
20 49 211
20 50 140
20 51 98
20 53 83
20 54 231
20 55 61
20 58 206
20 59 110
20 60 99
20 61 199
20 63 157
20 64 183
20 67 178
20 69 228
20 70 132
20 72 32
20 73 13
20 74 188
20 75 84
20 76 146
20 77 189
20 78 249
20 79 239
20 80 78
20 81 5
20 82 98
20 83 67
20 85 77
20 86 69
20 88 125
20 90 167
20 91 246
20 92 186
20 93 57
20 94 245
20 95 59
20 96 201
20 97 33
21 23 25
21 24 181
21 25 175
21 26 23
21 27 249
21 28 128
21 30 43
21 31 206
21 32 63
21 35 255
21 36 206
21 38 31
21 43 160
21 44 196
21 45 9
21 47 178
21 48 216
21 49 253
21 50 146
21 51 76
21 52 39
21 53 219
21 55 17
21 56 6
21 57 48
21 58 61
21 60 53
21 63 23
21 67 54
21 69 93
21 72 72
21 73 47
21 78 181
21 80 36
21 81 67
21 83 231
21 84 133
21 86 144
21 87 150
21 90 89
21 91 104
21 92 66
21 94 100
21 98 106
21 99 39
22 23 167
22 24 165
22 25 213
22 26 109
22 27 205
22 28 7
22 29 143
22 30 200
22 31 121
22 32 106
22 34 91
22 35 15
22 36 101
22 37 35
22 39 109
22 40 148
22 41 190
22 42 90
22 43 105
22 44 65
22 46 176
22 48 88
22 49 231
22 50 209
22 51 191
22 52 51
22 53 140
22 54 117
22 56 240
22 57 95
22 58 192
22 61 16
22 63 176
22 64 169
22 67 232
22 68 85
22 70 125
22 72 110
22 73 217
22 74 202
22 78 71
22 81 100
22 82 27
22 83 171
22 84 190
22 86 102
22 87 64
22 88 38
22 89 97
22 91 126
22 92 198
22 93 126
22 94 178
22 96 111
22 98 3
22 99 17
23 25 245
23 26 52
23 27 247
23 28 203
23 29 121
23 30 79
23 34 66
23 35 227
23 36 180
23 38 229
23 40 125
23 42 159
23 43 69
23 44 177
23 45 78
23 46 165
23 47 255
23 50 6
23 52 186
23 53 83
23 56 214
23 57 207
23 59 168
23 60 49
23 61 221
23 62 181
23 63 41
23 64 111
23 65 204
23 66 138
23 67 183
23 68 132
23 69 128
23 70 111
23 71 10
23 73 228
23 74 122
23 75 195
23 77 51
23 78 140
23 79 34
23 80 123
23 85 56
23 86 69
23 87 211
23 89 106
23 90 176
23 91 63
23 94 117
23 96 166
23 98 72
23 99 203
24 24 174
24 25 160
24 26 0
24 27 59
24 30 226
24 32 139
24 33 65
24 34 103
24 36 197
24 37 229
24 39 139
24 43 66
24 44 38
24 47 170
24 49 161
24 50 38
24 52 139
24 53 66
24 54 59
24 55 75
24 56 210
24 57 134
24 58 65
24 60 44
24 61 65
24 62 116
24 63 71
24 65 105
24 66 130
24 68 209
24 70 55
24 72 77
24 73 45
24 74 52
24 75 79
24 76 188
24 77 43
24 78 139
24 79 79
24 80 90
24 81 207
24 82 122
24 83 19
24 84 250
24 85 123
24 86 159
24 87 27
24 88 203
24 89 250
24 90 11
24 91 73
24 92 161
24 93 80
24 95 113
24 98 30
25 25 136
25 26 100
25 27 199
25 28 159
25 30 189
25 33 225
25 34 242
25 35 169
25 36 31
25 38 106
25 39 189
25 40 248
25 42 227
25 43 20
25 44 199
25 45 65
25 46 18
25 47 96
25 48 46
25 49 95
25 50 45
25 51 223
25 52 70
25 54 225
25 57 68
25 58 185
25 59 163
25 60 75
25 61 130
25 62 185
25 63 182
25 64 201
25 65 105
25 67 204
25 68 33
25 69 210
25 70 95
25 72 31
25 73 31
25 74 128
25 75 192
25 76 151
25 78 183
25 79 193
25 80 8
25 82 96
25 84 59
25 85 97
25 86 219
25 87 64
25 91 149
25 93 205
25 94 45
25 96 26
25 98 110
25 99 5
26 26 225
26 27 161
26 28 138
26 30 99
26 31 137
26 32 231
26 33 153
26 34 254
26 35 74
26 36 61
26 37 134
26 38 155
26 40 20
26 42 224
26 43 96
26 44 27
26 45 215
26 46 47
26 47 166
26 48 215
26 49 95
26 51 20
26 54 32
26 55 161
26 57 45
26 58 157
26 59 208
26 61 202
26 62 225
26 64 109
26 65 210
26 66 172
26 67 153
26 68 203
26 69 239
26 70 74
26 71 159
26 72 101
26 75 203
26 76 161
26 78 92
26 79 111
26 80 137
26 81 81
26 82 223
26 83 30
26 84 151
26 86 108
26 87 182
26 88 33
26 91 246
26 92 133
26 95 58
26 97 41
26 99 84
27 27 223
27 31 197
27 33 28
27 34 44
27 35 109
27 36 121
27 37 234
27 39 206
27 40 86
27 41 10
27 42 242
27 43 52
27 44 209
27 45 32
27 46 227
27 47 218
27 48 140
27 50 154
27 51 231
27 52 106
27 53 249
27 54 64
27 56 86
27 57 117
27 58 231
27 60 80
27 61 109
27 62 19
27 63 132
27 64 32
27 65 72
27 67 47
27 68 95
27 70 193
27 72 186
27 73 71
27 74 127
27 75 163
27 76 89
27 79 84
27 80 251
27 81 151
27 82 19
27 83 98
27 84 195
27 85 131
27 86 107
27 87 129
27 88 119
27 89 224
27 90 120
27 91 111
27 92 10
27 94 2
27 95 210
27 97 126
27 98 203
28 28 91
28 29 96
28 31 192
28 32 60
28 35 72
28 36 79
28 37 83
28 39 37
28 41 208
28 42 34
28 43 26
28 44 170
28 46 167
28 48 68
28 50 246
28 51 11
28 52 128
28 53 101
28 54 215
28 57 207
28 58 98
28 59 168
28 62 193
28 63 225
28 64 45
28 65 99
28 66 100
28 70 52
28 73 200
28 75 224
28 77 131
28 78 116
28 79 252
28 81 16
28 82 174
28 83 206
28 84 194
28 85 102
28 88 84
28 89 214
28 90 15
28 91 189
28 92 89
28 93 20
28 94 185
28 96 122
28 98 173
28 99 75
29 29 196
29 31 172
29 32 76
29 33 114
29 34 65
29 35 98
29 36 28
29 37 121
29 38 205
29 40 48
29 41 184
29 42 249
29 43 113
29 47 216
29 48 17
29 49 78
29 52 253
29 54 180
29 55 81
29 56 37
29 57 149
29 59 38
29 60 180
29 61 205
29 62 253
29 63 247
29 64 45
29 65 124
29 66 39
29 67 99
29 68 120
29 69 55
29 70 185
29 71 134
29 72 102
29 73 17
29 74 191
29 76 203
29 77 169
29 79 105
29 80 58
29 81 40
29 83 201
29 84 88
29 86 181
29 87 152
29 89 197
29 90 24
29 91 245
29 92 241
29 94 155
29 95 118
29 96 120
29 97 119
29 99 82
30 30 158
30 31 57
30 33 62
30 35 2
30 36 139
30 38 238
30 39 59
30 43 172
30 44 143
30 46 105
30 47 70
30 50 152
30 51 6
30 52 0
30 53 40
30 54 85
30 55 35
30 57 212
30 59 234
30 60 234
30 61 60
30 62 235
30 63 128
30 66 11
30 68 186
30 69 178
30 71 70
30 73 204
30 74 243
30 75 165
30 76 131
30 77 79
30 78 183
30 79 216
30 81 126
30 82 179
30 83 8
30 84 211
30 86 194
30 87 232
30 90 79
30 91 176
30 93 72
30 94 237
30 95 113
30 97 206
30 98 228
30 99 0
31 32 238
31 33 145
31 35 43
31 37 42
31 38 188
31 39 24
31 40 47
31 41 137
31 42 183
31 44 110
31 46 212
31 47 170
31 48 110
31 49 103
31 51 209
31 52 228
31 54 194
31 56 243
31 57 219
31 58 98
31 59 154
31 60 162
31 61 72
31 62 67
31 63 90
31 64 198
31 65 225
31 66 17
31 67 134
31 70 123
31 72 162
31 73 17
31 74 180
31 75 88
31 76 99
31 77 206
31 78 114
31 79 86
31 81 80
31 84 140
31 85 17
31 86 25
31 87 170
31 89 42
31 91 49
31 92 238
31 93 99
31 94 152
31 95 205
31 97 147
31 98 82
32 32 161
32 33 186
32 34 136
32 36 184
32 38 86
32 41 132
32 42 243
32 43 44
32 44 194
32 45 53
32 46 222
32 47 208
32 48 43
32 49 84
32 51 126
32 52 70
32 53 203
32 54 56
32 57 46
32 58 119
32 59 139
32 60 216
32 61 225
32 63 187
32 65 52
32 66 211
32 67 129
32 69 102
32 70 255
32 71 119
32 73 146
32 74 107
32 75 169
32 79 238
32 80 161
32 82 85
32 83 176
32 84 98
32 86 176
32 87 25
32 88 215
32 89 218
32 90 8
32 91 225
32 93 128
32 97 234
32 98 64
32 99 208
33 33 212
33 34 141
33 35 180
33 36 30
33 37 141
33 38 221
33 39 95
33 40 189
33 42 49
33 44 19
33 45 71
33 47 29
33 48 192
33 50 133
33 51 86
33 52 53
33 53 228
33 54 227
33 56 187
33 57 76
33 58 177
33 59 48
33 60 209
33 62 40
33 64 135
33 65 156
33 66 83
33 67 137
33 71 170
33 72 35
33 75 200
33 76 33
33 78 35
33 79 32
33 80 81
33 81 160
33 82 178
33 84 138
33 85 9
33 87 93
33 89 120
33 91 202
33 92 132
33 94 190
33 95 57
33 96 115
33 97 49
33 98 186
34 34 20
34 35 95
34 38 176
34 39 234
34 40 178
34 41 205
34 42 61
34 43 49
34 44 45
34 45 244
34 46 141
34 48 36
34 49 246
34 50 201
34 51 100
34 52 74
34 53 244
34 54 46
34 55 243
34 59 165
34 60 199
34 62 43
34 63 116
34 64 164
34 65 227
34 66 101
34 68 39
34 70 64
34 71 104
34 72 123
34 74 117
34 75 173
34 76 246
34 77 98
34 78 102
34 80 123
34 81 243
34 82 242
34 83 92
34 85 120
34 86 253
34 87 159
34 88 189
34 89 193
34 90 23
34 91 29
34 92 163
34 93 167
34 95 73
34 97 102
34 98 175
34 99 216
35 35 154
35 37 15
35 38 215
35 39 158
35 40 142
35 42 248
35 43 228
35 44 194
35 45 184
35 46 183
35 48 140
35 50 0
35 51 237
35 53 140
35 54 100
35 55 93
35 58 198
35 59 231
35 61 126
35 64 130
35 65 97
35 67 205
35 68 198
35 69 111
35 72 156
35 73 202
35 74 138
35 77 229
35 79 145
35 80 171
35 84 127
35 85 175
35 87 6
35 88 90
35 91 4
35 92 163
35 93 20
35 94 155
35 96 86
35 97 248
36 36 49
36 39 17
36 40 223
36 41 36
36 42 77
36 43 31
36 44 195
36 45 154
36 49 111
36 51 74
36 52 191
36 53 58
36 55 242
36 56 178
36 57 93
36 62 57
36 63 97
36 64 148
36 65 70
36 66 47
36 67 68
36 68 103
36 69 206
36 70 81
36 71 94
36 72 100
36 73 104
36 76 19
36 77 120
36 78 251
36 79 242
36 80 94
36 81 5
36 82 152
36 84 107
36 88 229
36 89 99
36 90 70
36 91 169
36 92 119
36 93 150
37 37 162
37 38 11
37 40 163
37 41 83
37 42 123
37 44 0
37 45 246
37 46 226
37 48 223
37 50 139
37 51 40
37 52 43
37 53 167
37 55 214
37 56 77
37 58 82
37 59 141
37 60 49
37 63 107
37 64 4
37 65 235
37 66 38
37 68 221
37 69 52
37 70 82
37 72 114
37 73 103
37 74 112
37 75 0
37 76 187
37 77 82
37 78 46
37 79 219
37 80 46
37 81 162
37 82 30
37 83 215
37 84 39
37 85 201
37 86 59
37 88 52
37 89 127
37 90 5
37 91 35
37 93 46
37 94 148
37 95 116
37 97 143
37 98 199
37 99 50
38 40 196
38 41 34
38 44 89
38 46 91
38 47 57
38 48 249
38 50 70
38 51 161
38 52 134
38 54 227
38 55 253
38 56 158
38 58 222
38 59 24
38 60 123
38 61 120
38 62 43
38 63 225
38 64 93
38 65 1
38 66 243
38 67 130
38 69 240
38 73 96
38 74 250
38 76 96
38 77 170
38 80 224
38 82 212
38 84 189
38 86 62
38 87 193
38 89 246
38 92 13
38 93 230
38 94 45
38 95 117
38 96 58
38 99 88
39 39 243
39 43 110
39 44 177
39 45 154
39 47 160
39 48 112
39 49 47
39 50 181
39 52 18
39 53 20
39 59 240
39 60 147
39 62 186
39 63 87
39 64 234
39 66 14
39 69 129
39 70 2
39 74 80
39 75 62
39 76 97
39 77 144
39 79 47
39 80 48
39 81 130
39 82 27
39 83 47
39 86 250
39 87 80
39 88 150
39 89 180
39 90 170
39 91 51
39 92 112
39 93 21
39 94 82
39 95 150
39 98 198
40 40 243
40 42 231
40 43 134
40 44 104
40 45 86
40 46 15
40 47 51
40 49 124
40 50 38
40 51 87
40 52 254
40 54 75
40 56 61
40 57 48
40 58 65
40 59 216
40 60 195
40 61 116
40 62 139
40 63 189
40 65 165
40 66 19
40 67 125
40 70 202
40 72 132
40 73 37
40 74 34
40 75 163
40 76 9
40 77 124
40 78 16
40 80 125
40 81 162
40 82 127
40 83 28
40 84 17
40 86 54
40 87 219
40 89 149
40 90 94
40 91 248
40 92 70
40 95 222
40 96 231
40 97 194
40 98 51
40 99 174
41 44 107
41 46 182
41 47 181
41 48 116
41 49 45
41 50 152
41 51 206
41 55 235
41 56 120
41 57 23
41 58 25
41 59 132
41 60 124
41 61 132
41 63 179
41 64 44
41 65 188
41 67 186
41 68 129
41 69 204
41 71 157
41 72 122
41 73 15
41 74 41
41 75 153
41 76 75
41 77 221
41 78 4
41 79 178
41 80 173
41 81 222
41 82 251
41 83 25
41 84 171
41 85 224
41 86 193
41 88 2
41 89 20
41 90 6
41 91 62
41 92 158
41 93 226
41 94 162
41 95 49
41 96 94
41 97 124
41 98 183
42 42 110
42 44 40
42 46 122
42 47 219
42 49 231
42 50 48
42 51 26
42 52 160
42 53 192
42 54 199
42 55 113
42 58 159
42 59 6
42 60 254
42 62 155
42 63 108
42 64 148
42 65 228
42 66 136
42 68 66
42 69 31
42 71 9
42 72 10
42 73 227
42 74 184
42 75 69
42 79 60
42 80 210
42 81 18
42 82 159
42 83 251
42 84 158
42 86 154
42 88 133
42 89 167
42 91 38
42 92 58
42 93 24
42 95 100
42 96 82
42 97 32
42 98 11
43 44 196
43 45 221
43 46 102
43 47 130
43 48 248
43 51 103
43 52 35
43 53 242
43 54 200
43 55 73
43 56 204
43 57 101
43 59 10
43 62 131
43 63 15
43 65 106
43 66 72
43 67 162
43 68 61
43 70 84
43 71 137
43 72 200
43 76 49
43 78 31
43 79 170
43 80 157
43 83 193
43 85 219
43 86 245
43 87 53
43 88 32
43 89 125
43 90 22
43 91 70
43 93 199
43 94 191
43 95 9
43 96 137
43 97 200
44 44 141
44 45 50
44 46 215
44 47 112
44 50 88
44 51 250
44 52 167
44 54 109
44 56 174
44 57 157
44 58 34
44 59 19
44 60 159
44 61 181
44 63 177
44 65 207
44 66 111
44 67 205
44 68 138
44 71 131
44 73 49
44 74 143
44 76 15
44 78 14
44 79 193
44 80 49
44 81 156
44 82 138
44 83 116
44 84 1
44 85 240
44 86 7
44 87 232
44 88 137
44 89 161
44 90 116
44 91 206
44 92 204
44 93 145
44 94 114
44 96 97
44 97 74
44 98 199
44 99 101
45 45 222
45 46 229
45 49 194
45 50 56
45 51 186
45 52 252
45 53 186
45 55 104
45 56 57
45 57 184
45 58 197
45 59 101
45 60 71
45 61 76
45 62 102
45 63 6
45 66 227
45 67 136
45 68 164
45 69 6
45 70 172
45 71 132
45 73 3
45 74 219
45 75 209
45 76 205
45 78 141
45 79 244
45 80 110
45 81 186
45 82 40
45 84 54
45 86 57
45 87 108
45 88 137
45 89 36
45 90 120
45 91 47
45 92 26
45 93 189
45 94 212
45 95 61
45 96 181
45 97 136
46 46 15
46 48 152
46 49 41
46 53 9
46 54 102
46 55 198
46 58 120
46 59 96
46 61 18
46 62 18
46 63 79
46 64 168
46 65 82
46 66 228
46 67 150
46 68 98
46 69 213
46 70 117
46 71 127
46 72 181
46 73 118
46 74 141
46 75 214
46 78 74
46 81 41
46 83 16
46 84 202
46 85 66
46 86 39
46 87 80
46 88 241
46 91 155
46 94 55
46 95 115
46 96 209
46 97 116
46 98 96
46 99 192
47 48 66
47 50 160
47 51 74
47 52 139
47 54 253
47 55 200
47 56 195
47 59 205
47 60 89
47 61 68
47 62 59
47 65 188
47 66 205
47 67 168
47 69 13
47 70 167
47 71 212
47 72 23
47 73 17
47 74 104
47 75 3
47 77 239
47 78 83
47 79 220
47 80 195
47 81 164
47 82 201
47 83 16
47 84 142
47 85 3
47 86 184
47 88 209
47 89 117
47 93 242
47 94 250
47 95 73
47 97 173
47 98 226
47 99 181
48 48 241
48 49 198
48 53 150
48 56 158
48 57 80
48 58 40
48 60 15
48 61 90
48 62 184
48 65 95
48 66 210
48 67 139
48 68 10
48 69 216
48 70 99
48 71 62
48 73 96
48 74 195
48 76 104
48 77 238
48 78 246
48 79 84
48 80 76
48 81 25
48 82 145
48 83 13
48 84 162
48 85 168
48 87 160
48 89 227
48 90 193
48 94 182
48 95 176
48 97 36
48 99 209
49 49 160
49 50 62
49 52 57
49 53 175
49 55 94
49 57 171
49 58 159
49 62 73
49 63 176
49 64 61
49 65 218
49 66 243
49 67 48
49 68 170
49 69 108
49 72 95
49 73 119
49 74 3
49 75 26
49 76 37
49 78 237
49 81 123
49 82 195
49 83 60
49 84 184
49 86 218
49 87 101
49 88 114
49 91 30
49 94 193
49 95 127
49 96 176
49 97 35
49 98 246
50 50 29
50 51 53
50 52 198
50 53 204
50 55 160
50 56 103
50 57 22
50 60 44
50 62 246
50 64 25
50 65 225
50 66 201
50 67 38
50 68 177
50 69 61
50 70 111
50 71 87
50 72 18
50 73 149
50 74 76
50 75 185
50 77 97
50 78 251
50 79 4
50 80 43
50 83 166
50 84 24
50 85 185
50 86 162
50 87 209
50 88 79
50 91 153
50 92 40
50 94 197
50 95 211
50 96 232
50 97 158
50 98 82
50 99 8
51 51 21
51 52 86
51 53 114
51 54 222
51 55 34
51 58 112
51 59 211
51 60 49
51 61 78
51 62 236
51 63 35
51 64 135
51 65 1
51 66 98
51 69 56
51 71 207
51 72 224
51 73 210
51 74 78
51 75 21
51 77 223
51 79 136
51 80 157
51 82 132
51 83 224
51 85 120
51 86 103
51 87 143
51 88 97
51 90 234
51 91 180
51 92 184
51 93 245
51 96 129
51 99 17
52 52 80
52 53 33
52 54 5
52 55 202
52 56 64
52 57 46
52 59 219
52 60 247
52 61 168
52 62 31
52 63 20
52 64 143
52 65 1
52 66 118
52 68 168
52 69 54
52 71 104
52 72 136
52 73 22
52 75 61
52 76 109
52 77 3
52 79 15
52 80 116
52 81 175
52 83 165
52 84 14
52 85 233
52 86 206
52 88 18
52 91 193
52 93 31
52 94 54
52 97 251
52 98 49
52 99 10
53 53 98
53 54 189
53 57 19
53 58 82
53 60 111
53 61 17
53 62 174
53 63 82
53 64 17
53 65 154
53 66 137
53 67 41
53 68 133
53 69 224
53 70 17
53 72 79
53 74 71
53 75 88
53 76 117
53 77 126
53 81 90
53 84 119
53 85 202
53 86 48
53 87 6
53 88 127
53 89 27
53 91 59
53 93 74
53 94 35
53 95 132
53 97 148
53 98 154
54 56 53
54 58 250
54 59 243
54 60 69
54 61 241
54 62 145
54 63 215
54 65 214
54 66 200
54 67 82
54 68 164
54 71 35
54 72 203
54 73 121
54 74 84
54 75 140
54 77 152
54 78 163
54 80 174
54 82 102
54 83 98
54 84 111
54 87 236
54 88 215
54 89 74
54 91 32
54 93 5
54 94 228
54 95 10
54 96 79
54 97 152
54 98 175
54 99 198
55 56 52
55 58 245
55 59 112
55 61 222
55 65 116
55 66 224
55 68 49
55 69 62
55 72 46
55 73 215
55 75 86
55 76 231
55 77 179
55 78 85
55 79 210
55 80 200
55 82 48
55 83 122
55 85 123
55 88 141
55 89 232
55 90 249
55 91 158
55 92 61
55 93 99
55 94 145
55 96 184
55 98 252
56 56 92
56 57 183
56 58 212
56 59 180
56 60 231
56 63 142
56 64 55
56 65 81
56 66 180
56 71 76
56 72 44
56 74 155
56 75 59
56 76 234
56 77 87
56 78 64
56 79 53
56 82 190
56 83 195
56 84 163
56 85 104
56 86 223
56 88 44
56 91 41
56 93 129
56 94 146
56 95 110
56 96 119
56 99 236
57 58 130
57 59 137
57 60 236
57 61 171
57 63 251
57 65 140
57 66 200
57 67 35
57 68 232
57 71 132
57 72 253
57 73 162
57 74 126
57 75 209
57 76 205
57 78 56
57 80 246
57 81 77
57 82 102
57 83 253
57 84 116
57 87 58
57 88 66
57 89 181
57 90 90
57 93 97
57 95 214
57 96 105
57 98 198
58 58 21
58 59 114
58 60 8
58 63 20
58 64 117
58 65 190
58 66 21
58 68 60
58 70 13
58 71 42
58 72 220
58 73 170
58 74 85
58 75 89
58 76 3
58 77 163
58 78 182
58 79 79
58 80 181
58 86 37
58 87 32
58 88 96
58 89 223
58 90 48
58 91 43
58 93 117
58 94 182
58 95 207
58 96 197
58 97 176
58 98 96
58 99 198
59 60 110
59 61 80
59 62 176
59 63 71
59 64 253
59 65 130
59 66 82
59 68 23
59 69 104
59 71 231
59 72 222
59 73 64
59 75 193
59 76 123
59 77 254
59 79 94
59 80 129
59 82 228
59 84 208
59 85 63
59 86 153
59 87 57
59 88 174
59 89 20
59 90 90
59 91 227
59 92 149
59 93 218
59 95 113
59 97 171
59 99 19
60 61 64
60 62 182
60 63 239
60 65 47
60 66 236
60 67 174
60 69 125
60 70 126
60 71 141
60 72 119
60 74 226
60 75 42
60 76 29
60 77 29
60 78 225
60 82 52
60 84 75
60 85 65
60 86 126
60 87 194
60 88 196
60 89 203
60 91 13
60 92 126
60 95 130
60 96 186
60 98 103
60 99 97
61 61 192
61 62 69
61 63 250
61 64 18
61 65 177
61 66 123
61 67 106
61 68 25
61 69 75
61 71 56
61 72 140
61 73 115
61 74 223
61 75 138
61 77 19
61 78 217
61 83 70
61 84 113
61 85 55
61 86 196
61 87 28
61 88 11
61 90 164
61 91 131
61 92 213
61 95 155
61 96 48
61 97 182
61 98 225
62 62 34
62 63 119
62 64 63
62 65 135
62 67 134
62 68 212
62 69 248
62 70 132
62 71 210
62 77 156
62 78 223
62 79 97
62 81 116
62 82 254
62 83 149
62 85 210
62 86 91
62 88 152
62 89 225
62 91 71
62 92 162
62 93 108
62 94 207
62 95 157
62 98 86
62 99 75
63 65 103
63 66 110
63 67 94
63 70 109
63 71 181
63 72 199
63 73 83
63 74 128
63 77 205
63 78 162
63 79 72
63 80 113
63 81 59
63 84 121
63 86 63
63 87 211
63 91 89
63 92 116
63 95 34
63 99 208
64 64 132
64 65 122
64 66 173
64 67 30
64 68 168
64 69 81
64 70 77
64 71 227
64 73 161
64 74 158
64 75 121
64 76 107
64 77 7
64 79 245
64 80 90
64 81 37
64 83 248
64 84 59
64 85 193
64 88 235
64 89 91
64 90 242
64 91 119
64 93 9
64 94 147
64 95 186
64 96 243
64 98 72
64 99 225
65 66 5
65 68 123
65 70 40
65 71 41
65 72 203
65 75 32
65 76 16
65 80 194
65 81 226
65 82 59
65 83 88
65 84 138
65 85 16
65 86 127
65 88 75
65 89 223
65 90 168
65 91 250
65 92 14
65 93 163
65 94 107
65 96 63
65 97 145
65 99 131
66 66 216
66 67 231
66 68 241
66 69 182
66 70 242
66 71 27
66 72 78
66 74 174
66 75 89
66 76 101
66 77 236
66 78 70
66 80 203
66 81 108
66 82 120
66 84 79
66 85 206
66 86 230
66 87 250
66 88 27
66 92 201
66 93 220
66 94 107
66 97 35
67 67 22
67 68 99
67 69 92
67 70 226
67 71 66
67 72 137
67 73 206
67 74 149
67 75 20
67 77 9
67 78 111
67 79 230
67 80 83
67 81 204
67 84 32
67 85 43
67 86 238
67 88 172
67 89 150
67 91 141
67 92 15
67 93 144
67 95 107
67 99 47
68 68 247
68 69 29
68 71 22
68 72 105
68 73 30
68 75 108
68 77 65
68 78 6
68 79 54
68 80 124
68 82 15
68 83 167
68 84 214
68 86 56
68 89 238
68 90 140
68 91 90
68 92 141
68 95 90
68 96 147
69 69 158
69 70 202
69 73 86
69 74 107
69 75 177
69 76 118
69 79 174
69 80 66
69 81 80
69 84 66
69 85 155
69 86 255
69 89 42
69 90 119
69 91 137
69 92 191
69 93 157
69 97 33
69 99 148
70 73 72
70 74 17
70 75 238
70 76 92
70 77 42
70 79 170
70 80 2
70 81 118
70 82 60
70 83 134
70 87 102
70 88 135
70 89 71
70 90 15
70 91 52
70 92 191
70 93 41
70 94 25
70 95 26
70 98 110
70 99 168
71 71 56
71 73 180
71 74 229
71 76 47
71 80 234
71 82 193
71 85 63
71 86 125
71 87 39
71 89 139
71 90 201
71 92 111
71 93 149
71 96 43
71 97 156
71 99 145
72 73 61
72 75 113
72 77 28
72 78 118
72 79 92
72 80 151
72 82 252
72 83 239
72 84 247
72 85 66
72 86 135
72 87 228
72 88 255
72 90 201
72 91 49
72 92 220
72 93 73
72 95 202
72 96 246
72 97 131
72 98 121
72 99 248
73 74 106
73 75 25
73 77 14
73 78 207
73 80 159
73 81 151
73 82 60
73 88 72
73 90 184
73 93 179
73 94 221
73 95 48
73 97 39
73 98 61
73 99 53
74 74 109
74 77 126
74 78 216
74 81 80
74 83 234
74 84 249
74 86 164
74 88 252
74 89 246
74 90 86
74 91 63
74 92 33
74 93 32
74 94 103
74 95 150
74 96 184
74 97 245
74 98 205
75 75 232
75 76 193
75 77 234
75 79 136
75 80 79
75 81 186
75 83 142
75 84 31
75 85 15
75 86 229
75 87 110
75 90 195
75 91 123
75 92 126
75 93 27
75 95 79
75 96 102
76 76 188
76 77 110
76 79 28
76 80 109
76 81 38
76 82 3
76 84 17
76 85 215
76 86 48
76 88 132
76 89 12
76 91 124
76 93 18
76 96 34
76 97 160
77 77 18
77 78 95
77 80 230
77 81 51
77 82 38
77 83 96
77 84 172
77 85 7
77 86 200
77 88 18
77 90 25
77 91 212
77 92 196
77 94 52
77 95 147
77 96 18
77 97 175
77 99 130
78 79 180
78 81 109
78 82 136
78 83 165
78 84 169
78 85 63
78 86 88
78 87 108
78 89 231
78 90 60
78 93 120
78 95 123
78 96 201
78 98 149
79 80 44
79 81 211
79 82 122
79 83 88
79 87 213
79 88 167
79 89 190
79 90 165
79 92 13
79 93 213
79 94 48
79 96 113
79 97 150
79 99 11
80 81 127
80 82 149
80 83 62
80 84 104
80 86 213
80 89 6
80 90 132
80 93 135
80 95 18
80 97 26
80 98 95
80 99 198
81 81 117
81 82 194
81 83 131
81 85 0
81 86 251
81 88 92
81 89 170
81 90 82
81 91 53
81 92 45
81 93 149
81 94 169
81 95 203
81 97 125
82 83 144
82 84 193
82 85 48
82 86 56
82 87 141
82 88 254
82 89 53
82 91 171
82 92 208
82 93 159
82 95 157
82 96 22
82 97 148
82 98 137
82 99 110
83 83 135
83 85 229
83 86 178
83 87 34
83 88 128
83 89 214
83 92 214
83 93 132
83 95 225
83 96 244
83 97 254
83 98 215
83 99 175
84 84 117
84 85 26
84 86 192
84 87 138
84 88 238
84 92 196
84 93 145
84 95 158
84 96 162
84 97 186
84 98 181
84 99 140
85 85 48
85 86 226
85 87 47
85 88 204
85 92 100
85 93 170
85 95 7
85 96 155
85 98 0
85 99 218
86 86 68
86 88 23
86 90 224
86 91 212
86 93 8
86 94 182
86 96 141
86 97 119
87 88 106
87 89 161
87 91 54
87 94 175
87 95 247
87 97 157
87 99 13
88 88 234
88 89 0
88 90 45
88 91 0
88 92 135
88 95 143
88 96 57
88 97 119
89 89 252
89 90 196
89 91 104
89 93 99
89 94 205
89 96 182
89 97 36
89 98 148
90 90 226
90 91 54
90 92 36
90 93 118
90 94 174
90 95 171
90 96 121
90 97 91
90 98 148
90 99 209
91 91 192
91 93 215
91 94 46
91 95 112
91 96 174
91 98 171
92 92 149
92 95 115
92 96 3
92 98 125
92 99 63
93 94 185
93 95 1
93 96 53
93 97 182
93 99 171
94 94 205
94 96 64
94 97 144
94 98 240
94 99 35
95 95 6
95 96 225
96 97 145
96 98 225
96 99 142
97 97 37
97 99 210
98 98 79
98 99 89
99 99 104
