60 74
0 0 190
0 4 25
0 5 35
0 7 97
0 8 135
0 10 66
0 11 228
0 12 37
0 13 202
0 14 175
0 15 223
0 16 40
0 17 220
0 19 68
0 20 219
0 21 153
0 22 237
0 23 243
0 26 78
0 27 138
0 29 184
0 30 107
0 31 23
0 32 120
0 33 238
0 35 9
0 37 182
0 38 31
0 39 126
0 42 14
0 43 52
0 44 182
0 45 3
0 46 77
0 47 237
0 48 194
0 49 136
0 50 38
0 53 221
0 54 141
0 59 13
0 60 29
0 61 235
0 62 164
0 63 73
0 65 88
0 67 130
0 68 153
0 69 152
0 70 200
0 72 113
0 73 222
1 1 35
1 4 134
1 5 32
1 6 153
1 7 142
1 8 51
1 9 113
1 10 143
1 11 137
1 12 45
1 13 30
1 14 207
1 15 48
1 16 222
1 17 190
1 19 156
1 20 170
1 21 117
1 24 34
1 26 65
1 27 59
1 28 101
1 29 144
1 30 190
1 32 153
1 35 168
1 37 73
1 38 90
1 39 105
1 40 8
1 41 103
1 42 203
1 44 44
1 45 91
1 46 191
1 47 81
1 52 180
1 54 108
1 55 55
1 56 83
1 57 45
1 58 160
1 59 7
1 61 187
1 62 0
1 63 255
1 64 84
1 65 16
1 66 165
1 69 7
1 70 157
1 71 77
1 72 211
1 73 27
2 2 142
2 3 79
2 6 166
2 9 184
2 10 36
2 11 112
2 12 170
2 13 96
2 14 165
2 15 247
2 17 148
2 18 210
2 19 17
2 20 213
2 23 129
2 24 94
2 26 138
2 28 60
2 29 188
2 31 201
2 32 97
2 33 59
2 34 5
2 35 76
2 36 44
2 37 70
2 38 202
2 39 247
2 41 250
2 42 29
2 44 66
2 45 71
2 46 94
2 48 113
2 50 108
2 52 254
2 53 46
2 54 215
2 55 180
2 56 105
2 57 236
2 58 102
2 59 152
2 60 49
2 62 83
2 63 184
2 64 197
2 65 171
2 66 212
2 67 146
2 70 232
2 73 212
3 6 142
3 8 248
3 9 58
3 12 165
3 13 113
3 15 140
3 19 61
3 20 122
3 23 168
3 24 88
3 28 181
3 30 59
3 33 175
3 34 4
3 35 143
3 38 242
3 39 185
3 40 128
3 41 20
3 43 7
3 44 37
3 45 160
3 47 17
3 48 170
3 49 9
3 50 195
3 51 74
3 53 243
3 54 64
3 55 24
3 56 238
3 57 73
3 60 114
3 61 69
3 62 177
3 63 253
3 66 130
3 67 108
3 68 88
3 69 221
3 70 30
3 71 240
3 72 20
3 73 53
4 5 172
4 9 247
4 10 111
4 11 161
4 12 31
4 13 184
4 14 75
4 15 212
4 16 150
4 20 144
4 22 187
4 25 109
4 26 223
4 27 149
4 29 4
4 31 219
4 34 17
4 38 62
4 40 0
4 41 30
4 43 58
4 44 79
4 47 152
4 48 245
4 49 30
4 51 243
4 52 71
4 53 230
4 54 16
4 56 75
4 57 124
4 58 56
4 59 14
4 60 128
4 61 8
4 62 98
4 63 249
4 64 109
4 65 150
4 66 243
4 69 40
4 70 115
4 71 165
4 73 94
5 5 152
5 6 125
5 7 5
5 8 23
5 9 46
5 11 200
5 13 123
5 14 174
5 15 38
5 16 151
5 17 61
5 18 199
5 19 5
5 20 154
5 23 180
5 24 165
5 25 156
5 27 15
5 28 58
5 29 211
5 30 222
5 31 38
5 33 85
5 36 200
5 37 253
5 38 94
5 42 82
5 43 64
5 44 159
5 46 108
5 48 102
5 49 179
5 50 85
5 52 46
5 53 146
5 54 101
5 55 92
5 56 172
5 57 136
5 58 180
5 59 48
5 60 145
5 61 84
5 62 246
5 63 244
5 64 108
5 65 189
5 66 55
5 69 180
5 70 204
5 71 155
5 73 158
6 6 207
6 8 148
6 9 181
6 10 180
6 11 180
6 12 174
6 13 125
6 15 146
6 19 218
6 21 221
6 22 158
6 23 2
6 26 74
6 28 55
6 29 95
6 31 122
6 32 148
6 33 56
6 34 159
6 35 203
6 36 67
6 37 106
6 38 49
6 39 50
6 40 240
6 41 50
6 42 18
6 43 111
6 44 203
6 46 91
6 47 238
6 49 54
6 50 248
6 51 10
6 52 206
6 53 9
6 54 169
6 55 23
6 56 151
6 57 150
6 59 222
6 60 189
6 61 68
6 62 245
6 63 112
6 64 75
6 65 176
6 66 125
6 67 128
6 69 127
6 70 155
6 71 206
6 72 182
6 73 15
7 7 206
7 8 9
7 9 37
7 10 51
7 11 200
7 13 189
7 14 10
7 15 188
7 16 43
7 17 217
7 18 137
7 19 196
7 20 144
7 21 103
7 22 50
7 24 231
7 26 30
7 28 151
7 29 208
7 30 16
7 31 129
7 32 63
7 33 103
7 34 70
7 35 167
7 37 47
7 38 75
7 39 223
7 41 98
7 42 125
7 43 188
7 44 245
7 46 146
7 48 221
7 49 179
7 54 133
7 55 243
7 56 215
7 57 66
7 59 98
7 60 6
7 62 177
7 63 196
7 64 169
7 67 134
7 69 79
7 70 71
7 71 37
7 72 170
7 73 209
8 8 226
8 9 75
8 10 198
8 11 24
8 12 117
8 13 121
8 14 44
8 15 88
8 18 197
8 19 100
8 21 213
8 22 220
8 23 51
8 26 93
8 28 181
8 30 134
8 31 193
8 33 200
8 34 82
8 35 191
8 38 93
8 39 121
8 40 255
8 42 112
8 44 240
8 46 142
8 47 22
8 50 151
8 51 204
8 52 68
8 53 90
8 55 112
8 56 116
8 57 247
8 58 94
8 60 65
8 61 93
8 62 93
8 63 161
8 64 169
8 65 31
8 66 78
8 67 171
8 68 26
8 69 235
8 70 186
8 71 156
8 73 240
9 9 147
9 12 95
9 14 19
9 16 159
9 18 173
9 20 30
9 21 140
9 22 208
9 23 6
9 24 174
9 26 132
9 27 216
9 28 119
9 29 94
9 31 79
9 33 255
9 34 201
9 35 117
9 37 21
9 38 47
9 40 124
9 41 173
9 42 58
9 44 233
9 45 122
9 46 228
9 47 83
9 48 21
9 49 189
9 50 124
9 52 89
9 53 178
9 55 106
9 56 173
9 57 251
9 58 251
9 59 76
9 61 61
9 62 39
9 63 67
9 64 244
9 67 231
9 68 153
9 69 58
9 70 28
9 71 121
9 72 216
9 73 44
10 11 85
10 12 66
10 15 46
10 17 88
10 21 127
10 22 1
10 24 216
10 25 33
10 26 54
10 27 120
10 29 208
10 31 141
10 33 231
10 35 70
10 36 70
10 37 40
10 38 62
10 40 193
10 42 80
10 43 120
10 44 26
10 45 62
10 46 253
10 47 205
10 49 209
10 50 26
10 53 100
10 54 238
10 57 9
10 59 226
10 60 213
10 62 236
10 63 224
10 66 205
10 67 134
10 68 194
10 69 140
10 70 166
10 71 125
10 72 120
11 11 239
11 12 156
11 13 163
11 14 34
11 15 237
11 18 89
11 20 251
11 21 116
11 22 16
11 24 95
11 25 217
11 26 8
11 27 41
11 28 236
11 29 237
11 30 117
11 31 80
11 32 144
11 34 245
11 35 6
11 36 148
11 38 9
11 39 120
11 40 217
11 42 208
11 43 250
11 44 49
11 45 183
11 46 31
11 47 226
11 48 92
11 49 143
11 51 64
11 55 122
11 56 198
11 57 173
11 58 244
11 61 183
11 63 74
11 64 45
11 65 235
11 67 227
11 68 83
11 69 207
11 70 222
11 71 140
11 72 85
11 73 176
12 12 203
12 13 230
12 14 136
12 15 155
12 16 94
12 17 146
12 18 254
12 19 197
12 20 233
12 22 81
12 23 42
12 24 7
12 27 156
12 28 132
12 31 102
12 32 177
12 33 11
12 34 103
12 35 186
12 36 89
12 39 152
12 40 94
12 41 127
12 42 197
12 43 115
12 44 113
12 45 176
12 46 187
12 48 82
12 49 77
12 50 254
12 52 216
12 53 16
12 54 62
12 57 146
12 58 162
12 59 62
12 61 27
12 62 134
12 63 41
12 64 159
12 65 130
12 66 128
12 67 14
12 68 252
12 72 137
12 73 35
13 13 115
13 14 251
13 15 177
13 16 180
13 18 56
13 21 122
13 22 52
13 23 148
13 24 81
13 26 154
13 27 211
13 28 170
13 29 157
13 30 203
13 31 12
13 35 122
13 36 217
13 37 118
13 38 175
13 41 198
13 42 229
13 43 44
13 44 142
13 45 85
13 48 169
13 49 173
13 50 76
13 51 234
13 54 93
13 57 12
13 58 3
13 59 128
13 60 187
13 61 132
13 63 61
13 65 182
13 66 213
13 68 64
13 71 223
13 72 37
13 73 80
14 16 130
14 17 247
14 18 235
14 20 186
14 21 40
14 23 172
14 24 226
14 25 25
14 27 159
14 28 115
14 29 206
14 30 27
14 32 39
14 33 209
14 34 128
14 35 115
14 36 213
14 37 205
14 40 38
14 41 85
14 42 49
14 43 183
14 44 144
14 46 202
14 48 216
14 49 236
14 50 24
14 52 136
14 53 83
14 54 211
14 55 86
14 57 65
14 58 47
14 59 183
14 60 108
14 61 228
14 62 114
14 63 153
14 65 101
14 66 68
14 68 161
14 69 93
14 71 68
14 72 65
15 15 84
15 18 74
15 22 73
15 23 142
15 25 207
15 27 197
15 30 135
15 32 219
15 34 56
15 35 25
15 37 97
15 38 161
15 39 20
15 40 207
15 41 110
15 42 210
15 43 97
15 44 146
15 45 109
15 46 141
15 48 43
15 49 13
15 50 198
15 51 159
15 52 115
15 53 246
15 54 225
15 55 75
15 56 247
15 58 156
15 59 20
15 60 29
15 62 101
15 64 219
15 66 2
15 67 196
15 68 109
15 69 83
15 70 45
15 72 92
15 73 205
16 16 153
16 17 157
16 19 213
16 20 163
16 21 176
16 24 78
16 25 203
16 26 238
16 28 172
16 30 173
16 31 56
16 32 49
16 35 150
16 37 24
16 39 89
16 40 192
16 42 207
16 44 210
16 46 76
16 48 24
16 50 226
16 52 147
16 53 82
16 54 170
16 55 21
16 57 35
16 58 39
16 59 9
16 60 150
16 62 190
16 63 95
16 64 222
16 66 8
16 68 100
16 69 62
16 71 166
16 72 234
16 73 35
17 17 37
17 20 219
17 21 170
17 23 19
17 26 194
17 27 146
17 29 176
17 30 108
17 31 124
17 33 125
17 34 174
17 35 224
17 36 75
17 37 64
17 38 103
17 39 186
17 40 211
17 43 79
17 44 253
17 45 157
17 47 228
17 48 164
17 51 76
17 52 45
17 53 36
17 54 249
17 56 167
17 57 57
17 58 121
17 59 24
17 60 45
17 61 1
17 62 64
17 63 159
17 64 241
17 67 109
17 68 64
17 69 2
17 70 126
17 71 12
17 72 222
17 73 37
18 18 251
18 19 66
18 20 17
18 22 122
18 24 127
18 25 143
18 26 96
18 27 191
18 28 0
18 29 230
18 30 121
18 31 129
18 32 10
18 33 77
18 34 86
18 35 158
18 36 172
18 37 19
18 38 213
18 40 43
18 41 157
18 47 138
18 48 67
18 49 1
18 50 89
18 51 121
18 52 44
18 53 154
18 54 22
18 55 130
18 56 131
18 57 188
18 59 106
18 60 235
18 61 26
18 62 243
18 64 216
18 65 85
18 66 94
18 68 7
18 69 128
18 70 166
18 72 176
18 73 154
19 19 136
19 21 1
19 22 142
19 23 27
19 24 107
19 25 228
19 26 241
19 27 155
19 29 228
19 30 81
19 31 10
19 33 128
19 35 190
19 36 235
19 40 141
19 41 38
19 43 24
19 44 118
19 45 186
19 46 9
19 47 169
19 48 225
19 50 189
19 51 154
19 52 117
19 53 173
19 54 213
19 57 119
19 58 14
19 59 121
19 60 130
19 62 193
19 64 22
19 65 128
19 66 248
19 69 61
19 71 130
19 73 14
20 20 176
20 22 30
20 23 112
20 24 226
20 25 239
20 26 237
20 27 186
20 29 12
20 30 79
20 33 85
20 34 137
20 35 106
20 36 8
20 38 13
20 39 142
20 40 20
20 42 61
20 43 156
20 44 195
20 45 53
20 46 193
20 50 120
20 51 83
20 52 117
20 55 64
20 56 52
20 58 184
20 61 119
20 63 122
20 64 110
20 65 75
20 66 186
20 67 216
20 68 58
20 70 206
20 71 60
20 73 3
21 21 39
21 22 203
21 24 50
21 26 119
21 27 171
21 30 142
21 31 91
21 32 207
21 33 58
21 37 95
21 40 108
21 41 76
21 42 246
21 43 182
21 44 75
21 46 25
21 48 74
21 49 11
21 51 26
21 52 173
21 54 62
21 55 72
21 56 149
21 57 193
21 58 100
21 59 160
21 60 244
21 61 211
21 62 110
21 63 188
21 64 225
21 66 145
21 67 251
21 68 198
21 69 31
21 70 173
21 71 3
21 73 169
22 22 10
22 23 226
22 24 203
22 25 193
22 28 135
22 29 39
22 31 224
22 33 117
22 34 86
22 35 188
22 36 124
22 38 39
22 39 215
22 40 6
22 41 66
22 42 89
22 43 219
22 44 12
22 45 131
22 46 110
22 47 172
22 50 130
22 51 131
22 53 230
22 55 109
22 56 5
22 57 223
22 61 178
22 63 40
22 65 91
22 66 15
22 67 55
22 68 108
22 69 232
22 70 43
22 71 105
22 72 202
22 73 252
23 23 223
23 25 15
23 26 56
23 29 16
23 31 223
23 32 144
23 33 118
23 34 255
23 35 34
23 36 110
23 37 241
23 38 84
23 39 83
23 40 228
23 42 116
23 44 80
23 45 133
23 46 118
23 47 48
23 48 220
23 50 242
23 53 228
23 55 54
23 56 29
23 58 87
23 61 173
23 62 159
23 63 55
23 66 139
23 67 24
23 68 180
23 69 85
23 70 180
23 72 72
23 73 195
24 25 141
24 26 112
24 27 211
24 28 163
24 29 212
24 30 207
24 31 224
24 32 212
24 35 158
24 36 201
24 37 10
24 38 6
24 40 224
24 41 84
24 42 169
24 43 85
24 44 114
24 46 80
24 47 122
24 48 63
24 50 52
24 53 170
24 54 230
24 55 43
24 56 26
24 57 86
24 58 81
24 60 102
24 62 53
24 64 33
24 65 229
24 66 154
24 67 221
24 71 130
24 73 186
25 25 184
25 26 10
25 27 77
25 29 175
25 31 127
25 32 28
25 34 213
25 35 117
25 36 86
25 37 101
25 38 56
25 39 253
25 40 90
25 41 25
25 42 185
25 43 98
25 44 48
25 46 67
25 47 54
25 48 249
25 51 48
25 52 185
25 55 172
25 56 123
25 57 154
25 58 34
25 60 195
25 64 52
25 65 243
25 66 127
25 67 131
25 68 131
25 69 255
25 70 245
25 71 46
25 73 141
26 26 196
26 27 212
26 28 119
26 30 73
26 33 202
26 34 28
26 38 110
26 41 2
26 42 152
26 43 198
26 44 121
26 45 12
26 46 94
26 47 190
26 48 2
26 50 186
26 51 158
26 52 46
26 53 36
26 54 16
26 55 165
26 56 162
26 57 114
26 58 116
26 59 149
26 61 217
26 62 90
26 63 45
26 65 19
26 66 71
26 67 67
26 68 35
26 69 3
26 71 224
26 73 190
27 27 86
27 28 183
27 29 157
27 30 123
27 31 101
27 35 149
27 36 171
27 37 125
27 39 195
27 41 167
27 42 77
27 45 28
27 47 88
27 49 217
27 50 43
27 51 58
27 52 63
27 54 69
27 55 105
27 56 169
27 57 183
27 58 40
27 60 157
27 61 70
27 62 175
27 63 60
27 65 8
27 67 170
27 68 232
27 69 138
27 70 136
27 72 37
28 29 51
28 30 134
28 33 59
28 34 72
28 37 192
28 38 30
28 41 174
28 42 224
28 43 17
28 45 49
28 46 208
28 49 58
28 50 150
28 51 55
28 52 201
28 57 214
28 58 85
28 59 121
28 60 244
28 61 244
28 62 17
28 63 50
28 64 252
28 68 143
28 69 216
28 70 207
28 71 12
28 72 28
28 73 192
29 29 123
29 31 250
29 32 244
29 34 161
29 36 9
29 37 163
29 38 180
29 39 189
29 40 174
29 41 97
29 42 101
29 43 61
29 45 228
29 46 181
29 47 144
29 49 87
29 50 42
29 51 179
29 52 28
29 53 148
29 54 244
29 56 191
29 57 111
29 58 247
29 59 212
29 60 12
29 62 114
29 63 242
29 64 32
29 65 6
29 66 62
29 67 114
29 68 131
29 70 170
30 30 106
30 31 10
30 32 143
30 33 215
30 34 51
30 36 218
30 39 209
30 40 154
30 41 58
30 42 116
30 43 233
30 44 3
30 46 113
30 47 229
30 48 52
30 49 105
30 50 146
30 51 160
30 52 187
30 53 21
30 54 223
30 55 110
30 57 127
30 58 46
30 61 37
30 63 39
30 64 52
30 65 139
30 71 205
30 72 123
30 73 63
31 32 239
31 33 61
31 35 59
31 37 3
31 39 216
31 40 222
31 41 57
31 42 183
31 43 191
31 46 151
31 47 183
31 48 57
31 49 174
31 52 93
31 53 75
31 54 124
31 56 46
31 57 75
31 58 42
31 59 73
31 60 239
31 62 116
31 63 27
31 65 25
31 66 4
31 67 237
31 68 101
31 69 118
31 70 76
31 72 146
31 73 61
32 32 11
32 33 57
32 34 86
32 35 130
32 36 37
32 38 192
32 39 79
32 40 46
32 41 99
32 42 147
32 43 22
32 45 0
32 47 251
32 48 146
32 49 166
32 50 215
32 51 108
32 54 170
32 55 149
32 57 45
32 58 93
32 59 165
32 60 103
32 61 200
32 62 141
32 63 143
32 64 193
32 65 172
32 66 101
32 68 26
32 71 14
32 72 240
32 73 249
33 33 175
33 34 173
33 35 124
33 38 71
33 39 195
33 40 213
33 41 91
33 42 23
33 43 103
33 44 36
33 45 54
33 47 116
33 48 15
33 51 159
33 52 132
33 53 138
33 54 82
33 56 254
33 62 22
33 63 175
33 65 218
33 66 34
33 67 39
33 68 215
33 69 154
33 70 189
33 71 121
33 72 8
33 73 12
34 34 247
34 35 167
34 36 131
34 37 203
34 38 15
34 40 58
34 41 205
34 42 118
34 43 28
34 44 40
34 47 95
34 49 94
34 50 4
34 52 218
34 54 85
34 57 67
34 58 237
34 60 21
34 63 70
34 65 108
34 67 134
34 68 24
34 70 5
34 71 119
34 72 23
34 73 206
35 35 230
35 36 219
35 37 62
35 38 122
35 39 50
35 40 149
35 41 160
35 43 84
35 44 64
35 45 175
35 46 139
35 47 118
35 49 67
35 51 140
35 52 118
35 53 141
35 54 208
35 55 19
35 56 245
35 57 188
35 58 151
35 60 23
35 64 8
35 65 247
35 66 20
35 67 129
35 68 58
35 69 129
35 70 14
35 71 82
36 36 92
36 37 62
36 38 143
36 39 20
36 40 237
36 41 235
36 48 155
36 49 250
36 50 174
36 51 223
36 52 96
36 53 9
36 54 134
36 56 73
36 57 201
36 58 215
36 59 132
36 61 134
36 62 243
36 63 220
36 67 164
36 69 78
36 70 154
36 72 92
36 73 101
37 37 180
37 38 163
37 39 78
37 40 180
37 41 75
37 42 225
37 44 95
37 45 89
37 47 187
37 49 4
37 50 109
37 52 250
37 55 103
37 61 202
37 62 50
37 63 156
37 64 208
37 65 169
37 66 131
37 67 152
37 69 50
37 70 172
37 72 123
37 73 57
38 38 2
38 39 218
38 40 11
38 41 51
38 43 246
38 45 255
38 46 253
38 47 5
38 48 195
38 49 187
38 50 50
38 51 62
38 52 49
38 53 155
38 54 232
38 55 36
38 56 12
38 57 59
38 58 210
38 60 176
38 62 130
38 63 20
38 64 229
38 65 237
38 66 44
38 67 195
38 68 202
38 69 124
38 70 3
38 71 131
38 72 166
38 73 87
39 39 251
39 40 225
39 41 192
39 44 190
39 45 177
39 46 24
39 47 114
39 48 174
39 49 52
39 50 28
39 51 128
39 53 195
39 54 120
39 55 239
39 56 17
39 57 154
39 58 147
39 59 101
39 60 166
39 62 196
39 63 56
39 64 142
39 65 187
39 66 141
39 67 156
39 68 37
39 69 127
39 71 196
39 72 189
39 73 173
40 40 68
40 41 88
40 42 191
40 43 240
40 44 134
40 46 237
40 48 17
40 49 194
40 50 104
40 51 117
40 52 120
40 53 102
40 55 203
40 56 104
40 58 179
40 59 19
40 60 204
40 62 3
40 63 153
40 64 21
40 66 245
40 67 25
40 68 244
40 69 51
40 70 65
40 71 157
40 72 218
41 42 158
41 43 170
41 45 148
41 46 233
41 47 113
41 48 191
41 49 126
41 50 230
41 51 150
41 55 146
41 56 122
41 57 229
41 58 74
41 59 49
41 61 169
41 62 113
41 63 128
41 64 219
41 65 217
41 66 55
41 67 121
41 68 195
41 70 121
41 71 187
41 73 233
42 42 25
42 44 22
42 45 158
42 46 179
42 48 39
42 49 62
42 50 33
42 52 45
42 55 182
42 56 87
42 57 31
42 58 52
42 59 55
42 60 49
42 63 92
42 64 41
42 65 140
42 69 203
42 72 90
43 46 237
43 47 3
43 48 116
43 49 45
43 52 82
43 53 208
43 54 238
43 55 18
43 57 214
43 58 229
43 59 115
43 60 196
43 61 95
43 63 66
43 66 6
43 67 64
43 69 190
43 71 147
44 44 223
44 45 80
44 46 171
44 47 35
44 49 201
44 50 120
44 51 12
44 52 75
44 53 218
44 54 182
44 58 58
44 59 93
44 60 64
44 61 223
44 62 157
44 63 54
44 64 208
44 65 160
44 67 111
44 68 19
44 71 117
44 72 112
44 73 105
45 45 223
45 46 56
45 49 69
45 50 164
45 52 90
45 53 224
45 54 18
45 55 177
45 56 239
45 57 188
45 58 38
45 60 216
45 61 40
45 62 164
45 65 180
45 66 208
45 67 246
45 68 136
45 69 106
45 71 82
46 46 166
46 49 172
46 51 48
46 52 93
46 53 186
46 54 133
46 55 206
46 56 17
46 57 250
46 58 26
46 60 30
46 61 6
46 63 93
46 65 145
46 66 58
46 67 157
46 69 9
46 70 28
46 71 4
46 72 60
46 73 29
47 47 30
47 50 96
47 51 167
47 52 71
47 53 27
47 54 85
47 55 188
47 56 0
47 58 20
47 59 99
47 60 29
47 64 145
47 65 134
47 67 201
47 68 112
47 69 1
47 70 61
47 71 182
48 48 96
48 50 25
48 52 248
48 53 54
48 56 59
48 57 82
48 58 136
48 61 220
48 62 59
48 63 97
48 65 184
48 66 163
48 68 153
48 69 253
48 70 68
48 71 129
48 72 222
48 73 18
49 50 64
49 51 182
49 52 59
49 53 145
49 54 118
49 55 37
49 58 191
49 59 214
49 61 211
49 62 185
49 63 219
49 65 23
49 67 228
49 68 243
49 69 187
49 70 71
49 71 232
50 50 35
50 52 225
50 53 105
50 54 217
50 55 224
50 56 230
50 57 11
50 58 239
50 59 223
50 60 17
50 61 45
50 62 30
50 63 211
50 64 116
50 65 93
50 66 133
50 67 127
50 70 131
50 71 226
50 72 76
50 73 33
51 51 30
51 53 95
51 54 132
51 56 127
51 57 78
51 59 94
51 61 115
51 64 177
51 65 87
51 66 7
51 69 109
51 71 179
51 73 253
52 54 213
52 55 126
52 56 95
52 57 97
52 59 180
52 60 229
52 61 76
52 62 36
52 66 83
52 69 63
52 73 57
53 53 88
53 54 120
53 55 201
53 57 76
53 58 25
53 61 18
53 62 94
53 63 227
53 64 233
53 65 53
53 66 160
53 67 37
53 69 17
53 70 254
53 71 42
53 72 163
53 73 193
54 54 159
54 55 49
54 56 127
54 57 147
54 58 166
54 59 131
54 60 230
54 61 185
54 62 8
54 63 91
54 65 93
54 67 150
54 68 204
54 69 23
54 70 116
54 73 207
55 55 196
55 56 83
55 57 133
55 58 137
55 59 43
55 60 141
55 61 119
55 62 126
55 68 143
55 72 147
55 73 9
56 56 182
56 57 162
56 58 159
56 59 230
56 60 201
56 62 26
56 63 157
56 64 70
56 65 171
56 66 241
56 67 76
56 68 90
56 69 178
56 70 76
56 71 61
56 72 44
57 57 184
57 60 179
57 61 150
57 65 69
57 67 178
57 68 35
57 70 168
57 72 15
58 58 97
58 59 58
58 60 8
58 62 200
58 63 189
58 65 217
58 66 210
58 67 51
58 68 81
58 69 249
58 70 140
58 71 96
59 60 240
59 61 198
59 62 18
59 63 36
59 64 96
59 65 193
59 66 0
59 67 1
59 68 119
59 69 126
59 71 95
59 72 115
59 73 105
